# date	 open	 high	 low	 close	 adjClose	 volume	 5-day moving average close	 20-day moving average close
2020-04-13     5.100     5.600     5.030     5.460     5.346 3698200     5.460     5.460 
2020-04-14     5.650     5.900     5.650     5.810     5.688 9044200     5.635     5.635 
2020-04-15     5.650     5.870     5.520     5.700     5.581 3041400     5.657     5.657 
2020-04-16     5.920     5.990     5.580     5.730     5.610 2730900     5.675     5.675 
2020-04-17     5.850     6.430     5.680     5.760     5.639 12098300     5.692     5.692 
2020-04-20     5.650     5.930     5.620     5.700     5.581 3111900     5.740     5.693 
2020-04-22     5.730     5.830     5.550     5.610     5.492 6910500     5.700     5.681 
2020-04-23     5.700     5.780     5.260     5.400     5.287 3222400     5.640     5.646 
2020-04-24     5.340     5.420     4.770     4.990     4.885 3983700     5.492     5.573 
2020-04-27     5.110     5.210     4.830     5.100     4.993 3858600     5.360     5.526 
2020-04-28     5.220     5.420     5.120     5.350     5.238 4375500     5.290     5.510 
2020-04-29     5.480     5.570     5.270     5.500     5.385 3217300     5.268     5.509 
2020-04-30     5.350     5.450     5.030     5.030     4.925 6718600     5.194     5.472 
2020-05-04     4.900     4.960     4.810     4.930     4.827 2319100     5.182     5.434 
2020-05-05     5.020     5.110     4.880     4.960     4.856 3012200     5.154     5.402 
2020-05-06     4.950     4.970     4.780     4.850     4.748 1960900     5.054     5.368 
2020-05-07     5.200     5.200     4.850     4.860     4.761 5317700     4.926     5.338 
2020-05-08     4.910     4.960     4.710     4.830     4.731 4531700     4.886     5.309 
2020-05-11     4.810     4.890     4.720     4.810     4.712 2695100     4.862     5.283 
2020-05-12     4.820     4.890     4.720     4.750     4.653 2582800     4.820     5.257 
2020-05-13     4.760     4.840     4.520     4.590     4.496 4602000     4.768     5.213 
2020-05-14     4.520     4.810     4.390     4.810     4.712 2943200     4.758     5.163 
2020-05-15     4.790     4.880     4.610     4.770     4.673 1931900     4.746     5.117 
2020-05-18     4.880     5.120     4.710     5.090     4.986 3552900     4.802     5.085 
2020-05-19     5.080     5.160     4.960     5.050     4.947 2275900     4.862     5.049 
2020-05-20     5.080     5.120     4.920     5.090     4.986 3208600     4.962     5.019 
2020-05-21     5.080     5.350     5.060     5.350     5.241 4569000     5.070     5.005 
2020-05-22     5.290     5.410     5.060     5.150     5.045 2726400     5.146     4.993 
2020-05-25     5.320     5.450     5.270     5.370     5.260 3462300     5.202     5.012 
2020-05-26     5.510     5.630     5.110     5.210     5.104 4196300     5.234     5.018 
2020-05-27     5.320     5.730     5.270     5.700     5.584 6352300     5.356     5.035 
2020-05-28     5.660     5.820     5.640     5.690     5.574 3999900     5.424     5.045 
2020-05-29     5.680     5.780     5.480     5.600     5.486 16968300     5.514     5.073 
2020-06-01     5.650     6.210     5.570     6.000     5.878 6158600     5.640     5.127 
2020-06-02     6.280     7.150     6.280     6.940     6.798 6745900     5.986     5.226 
2020-06-03     7.410     8.450     7.210     8.400     8.229 13470200     6.526     5.403 
2020-06-04     8.080     9.060     7.920     8.960     8.777 12828500     7.180     5.608 
2020-06-05     9.290     9.530     8.670     8.990     8.807 16007500     7.858     5.816 
2020-06-08     9.010     9.470     9.010     9.200     9.012 7634500     8.498     6.036 
2020-06-09     8.950     9.750     8.780     9.650     9.453 6920500     9.040     6.281 
2020-06-10     9.790     9.840     8.760     9.120     8.934 9953500     9.184     6.507 
2020-06-12     8.630     9.140     8.420     8.970     8.787 5509500     9.186     6.715 
2020-06-15     8.420     9.070     8.260     8.960     8.777 6470400     9.180     6.925 
2020-06-16     9.280     9.380     8.620     8.730     8.552 6094200     9.086     7.106 
2020-06-17     8.760     8.860     8.620     8.670     8.493 3736700     8.890     7.287 
2020-06-18     8.660     8.790     8.480     8.560     8.385 5259200     8.778     7.461 
2020-06-19     8.750     8.920     8.330     8.920     8.738 9706100     8.768     7.639 
2020-06-22     8.880     9.260     8.680     8.950     8.767 6297100     8.766     7.829 
2020-06-23     9.210     9.770     9.090     9.750     9.551 10597400     8.970     8.048 
2020-06-24     9.720    10.470     9.420    10.050     9.845 14367500     9.246     8.290 
2020-06-25    10.060    10.350     9.360     9.540     9.345 8596200     9.442     8.482 
2020-06-26     9.530     9.800     8.960     8.970     8.787 7430500     9.452     8.646 
2020-06-29     9.060     9.400     8.770     9.200     9.012 5471000     9.502     8.826 
2020-06-30     9.160     9.500     8.800     8.800     8.620 6369100     9.312     8.966 
2020-07-01     8.920     9.170     8.790     9.170     8.983 4394500     9.136     9.078 
2020-07-02     9.250     9.380     9.050     9.060     8.875 4267100     9.040     9.111 
2020-07-03     9.080     9.500     9.010     9.420     9.228 2354000     9.130     9.134 
2020-07-06     9.570     9.700     9.340     9.360     9.169 3792500     9.162     9.152 
2020-07-07     9.330     9.560     9.130     9.200     9.012 3368500     9.242     9.152 
2020-07-08     9.250     9.420     9.190     9.410     9.218 2806100     9.290     9.140 
2020-07-09     9.460     9.530     9.210     9.300     9.110 2076500     9.338     9.149 
2020-07-10     9.310     9.480     9.190     9.350     9.159 3593600     9.324     9.168 
2020-07-13     9.620    10.370     9.620     9.980     9.776 17047900     9.448     9.219 
2020-07-14    10.050    10.100     9.640     9.780     9.580 5885200     9.564     9.272 
2020-07-15     9.980    10.300     9.920    10.040     9.835 4568400     9.690     9.340 
2020-07-16    10.000    10.240     9.890    10.080     9.874 2632200     9.846     9.416 
2020-07-17    10.100    10.240     9.950     9.970     9.767 2751300     9.970     9.469 
2020-07-20     9.970    10.100     9.850     9.920     9.718 2442200     9.958     9.517 
2020-07-21    10.010    10.120     9.800     9.960     9.757 3747200     9.994     9.528 
2020-07-22    10.050    10.160     9.880     9.980     9.776 2584100     9.982     9.524 
2020-07-23    10.040    10.310     9.520     9.800     9.600 5211300     9.926     9.537 
2020-07-24     9.890     9.890     9.330     9.470     9.277 4216500     9.826     9.562 
2020-07-27     9.530     9.740     9.380     9.420     9.228 3457300     9.726     9.573 
2020-07-28     9.430     9.580     9.300     9.580     9.385 1794200     9.650     9.612 
2020-07-29     9.620    10.090     9.560    10.050     9.845 4172600     9.664     9.656 
2020-07-30     9.900    10.120     9.820    10.120     9.914 2197400     9.728     9.709 
2020-07-31    10.120    10.120     9.820     9.870     9.669 3224700     9.808     9.732 
2020-08-03     9.950    10.270     9.660    10.100     9.894 3669900     9.944     9.769 
2020-08-04    10.010    10.130     9.730     9.850     9.649 3278100     9.998     9.801 
2020-08-05     9.950    10.040     9.740     9.780     9.580 4307400     9.944     9.820 
2020-08-06     9.860     9.870     9.510     9.780     9.580 3456800     9.876     9.844 
2020-08-07     9.790     9.940     9.710     9.740     9.541 2235100     9.850     9.863 
2020-08-10     9.790     9.840     9.690     9.720     9.522 1438500     9.774     9.851 
2020-08-11     9.810    10.080     9.620     9.640     9.443 2487000     9.732     9.844 
2020-08-12     9.680     9.770     8.900     9.140     8.954 4602000     9.604     9.799 
2020-08-13     9.220     9.240     8.890     8.980     8.797 2298900     9.444     9.744 
2020-08-14     8.980     9.050     8.810     8.980     8.797 1492100     9.292     9.694 
2020-08-17     9.000     9.120     8.460     8.540     8.366 2392100     9.056     9.625 
2020-08-18     8.760     9.080     8.680     8.970     8.787 1607900     8.922     9.575 
2020-08-19     9.050     9.060     8.790     8.870     8.689 1261600     8.868     9.520 
2020-08-20     8.700     8.830     8.610     8.740     8.562 1913700     8.820     9.467 
2020-08-21     8.780     8.960     8.670     8.750     8.571 1462500     8.774     9.431 
2020-08-24     8.900     9.280     8.790     8.900     8.718 3324400     8.846     9.405 
2020-08-25     8.940     9.090     8.710     8.760     8.581 2322500     8.804     9.364 
2020-08-26     8.750     8.840     8.380     8.450     8.278 6485000     8.720     9.284 
2020-08-27     8.470     8.630     8.360     8.530     8.356 4899400     8.678     9.204 
2020-08-28     8.600     8.750     8.530     8.670     8.493 8085800     8.662     9.144 
2020-08-31     8.570     8.680     8.270     8.470     8.297 7412100     8.576     9.063 
2020-09-01     8.470     8.750     8.470     8.730     8.552 5149900     8.570     9.007 
2020-09-02     8.710     8.900     8.590     8.800     8.620 3196900     8.640     8.958 
2020-09-03     8.820     9.200     8.740     9.050     8.865 9157600     8.744     8.921 
2020-09-04     9.100     9.420     8.980     9.250     9.061 7490000     8.860     8.897 
2020-09-08     9.170     9.340     8.990     9.150     8.963 3527600     8.996     8.868 
2020-09-09     9.180     9.300     8.960     9.110     8.924 4810000     9.072     8.842 
2020-09-10     9.140     9.200     8.790     8.840     8.660 3629600     9.080     8.827 
2020-09-11     8.900     8.900     8.480     8.530     8.356 4678700     8.976     8.805 
2020-09-14     8.600     8.820     8.480     8.730     8.552 2525600     8.872     8.792 
2020-09-15     8.800     8.840     8.560     8.640     8.464 1707800     8.770     8.797 
2020-09-16     8.660     8.720     8.470     8.530     8.356 3147300     8.654     8.775 
2020-09-17     8.490     8.770     8.380     8.710     8.532 3414900     8.628     8.767 
2020-09-18     8.670     8.750     8.330     8.470     8.297 3572800     8.616     8.753 
2020-09-21     8.180     8.410     8.030     8.230     8.062 5486700     8.516     8.727 
2020-09-22     8.280     8.360     8.070     8.300     8.131 2045600     8.448     8.697 
2020-09-23     8.320     8.320     7.960     8.010     7.847 2466600     8.344     8.660 
2020-09-24     8.010     8.320     7.840     8.210     8.042 3110800     8.244     8.648 
2020-09-25     8.190     8.290     8.060     8.150     7.984 1140400     8.180     8.629 
2020-09-28     8.300     8.550     8.040     8.120     7.954 3104300     8.158     8.602 
2020-09-29     8.160     8.190     7.850     7.930     7.768 2117500     8.084     8.575 
2020-09-30     7.950     8.210     7.890     8.120     7.954 2419200     8.106     8.544 
2020-10-01     8.170     8.340     8.070     8.330     8.160 1706500     8.130     8.521 
2020-10-02     8.260     8.510     8.240     8.390     8.219 1941100     8.178     8.488 
2020-10-05     8.400     8.490     8.240     8.450     8.278 1391300     8.244     8.448 
2020-10-06     8.500     8.640     8.420     8.480     8.307 2237200     8.354     8.414 
2020-10-07     8.530     8.530     8.140     8.220     8.052 2318100     8.374     8.370 
2020-10-08     8.280     8.790     8.160     8.690     8.513 3010500     8.446     8.362 
2020-10-09     8.700     8.980     8.650     8.730     8.552 2509900     8.514     8.372 
2020-10-13     8.750     8.860     8.610     8.650     8.474 1361100     8.554     8.368 
2020-10-14     8.670     8.690     8.450     8.570     8.395 1665500     8.572     8.365 
2020-10-15     8.460     8.640     8.360     8.460     8.287 1991500     8.620     8.361 
2020-10-16     8.470     8.530     8.240     8.300     8.131 1453400     8.542     8.341 
2020-10-19     8.340     8.480     8.170     8.310     8.140 2612200     8.458     8.333 
2020-10-20     8.360     8.850     8.300     8.840     8.660 3892600     8.496     8.363 
2020-10-21     8.780     8.880     8.690     8.760     8.581 2512700     8.534     8.386 
2020-10-22     8.780     9.050     8.730     8.820     8.640 3540800     8.606     8.427 
2020-10-23     8.860     9.010     8.610     8.720     8.542 3278600     8.690     8.452 
2020-10-26     8.680     8.750     8.440     8.520     8.346 1549900     8.732     8.471 
2020-10-27     8.570     8.650     8.270     8.400     8.229 1845000     8.644     8.485 
2020-10-28     8.190     8.190     7.690     7.820     7.660 3809400     8.456     8.479 
2020-10-29     7.800     7.870     7.430     7.830     7.670 3128000     8.258     8.465 
2020-10-30     7.800     7.820     7.330     7.460     7.308 3039600     8.006     8.421 
2020-11-03     7.580     7.700     7.240     7.400     7.249 3030000     7.782     8.372 
2020-11-04     7.500     7.860     7.330     7.830     7.670 2944600     7.668     8.341 
2020-11-05     7.980     8.110     7.730     8.040     7.876 4828000     7.712     8.319 
2020-11-06     7.980     8.390     7.900     8.380     8.209 2291500     7.822     8.327 
2020-11-09     8.610     8.720     8.320     8.500     8.327 3479500     8.030     8.317 
2020-11-10     8.500     8.620     8.300     8.400     8.229 3426800     8.230     8.301 
2020-11-11     8.400     8.830     8.380     8.580     8.405 3731600     8.380     8.297 
2020-11-12     8.580     8.750     8.520     8.640     8.464 2967800     8.500     8.301 
2020-11-13     8.640     9.030     8.620     8.870     8.689 5531200     8.598     8.321 
2020-11-16     9.020     9.220     8.880     9.200     9.012 3371600     8.738     8.366 
2020-11-17     9.150     9.370     9.090     9.240     9.051 2722500     8.906     8.413 
2020-11-18     9.240     9.430     9.090     9.310     9.120 1677000     9.052     8.436 
2020-11-19     9.270     9.420     9.180     9.330     9.140 1853100     9.190     8.465 
2020-11-23     9.360     9.440     9.120     9.320     9.130 1104000     9.280     8.490 
2020-11-24     9.350     9.950     9.270     9.880     9.678 3262500     9.416     8.548 
2020-11-25     9.830     9.960     9.710     9.880     9.678 2164600     9.544     8.616 
2020-11-26     9.760     9.830     9.570     9.750     9.551 1832100     9.632     8.683 
2020-11-27     9.730     9.910     9.470     9.640     9.443 2027600     9.694     8.774 
2020-11-30     9.600     9.630     9.350     9.560     9.365 2170800     9.742     8.861 
2020-12-01     9.690     9.990     9.470     9.900     9.698 2893500     9.746     8.983 
2020-12-02     9.970    10.200     9.920    10.090     9.884 2762200     9.788     9.117 
2020-12-03    10.070    10.260     9.960     9.960     9.757 2892000     9.830     9.224 
2020-12-04    10.040    10.120     9.750     9.850     9.649 1786300     9.872     9.314 
2020-12-07     9.860    10.060     9.700     9.900     9.698 1981900     9.940     9.390 
2020-12-08     9.900    10.220     9.770    10.040     9.835 2058500     9.968     9.467 
2020-12-09    10.110    10.230     9.910    10.020     9.816 1696600     9.954     9.548 
2020-12-10    10.020    10.150     9.760    10.110     9.904 1717800     9.984     9.625 
2020-12-11     9.980    10.140     9.940    10.000     9.796 1363400    10.014     9.693 
2020-12-14    10.060    10.160     9.850     9.950     9.747 1625100    10.024     9.747 
2020-12-15     9.950    10.380     9.950    10.120     9.914 2816300    10.040     9.793 
2020-12-16    10.140    10.180     9.810    10.070     9.865 2095500    10.050     9.834 
2020-12-17    10.100    10.250     9.960    10.010     9.806 1353400    10.030     9.869 
2020-12-18    10.100    10.180     9.890     9.950     9.747 1887900    10.020     9.900 
2020-12-21     9.750    10.110     9.360     9.930     9.727 1823100    10.016     9.931 
2020-12-22     9.980    10.210     9.930    10.010     9.806 1755800     9.994     9.937 
2020-12-23     9.920    10.090     9.810     9.960     9.960 1668600     9.972     9.941 
2020-12-28     9.960    10.350     9.950    10.100    10.100 1808400     9.990     9.959 
2020-12-29    10.140    10.150     9.900     9.940     9.940 1463100     9.988     9.974 
2020-12-30     9.960    10.040     9.530     9.530     9.530 5043500     9.908     9.972 
2021-01-04     9.670     9.740     9.360     9.360     9.360 3090600     9.778     9.945 
2021-01-05     9.370     9.500     9.140     9.320     9.320 2002200     9.650     9.907 
2021-01-06     9.340     9.530     9.280     9.300     9.300 2094600     9.490     9.874 
2021-01-07     9.310     9.490     9.190     9.380     9.380 1780800     9.378     9.850 
2021-01-08     9.400     9.630     9.350     9.570     9.570 1914500     9.386     9.834 
2021-01-11     9.450     9.950     9.410     9.800     9.800 2847900     9.474     9.822 
2021-01-12     9.830     9.920     9.630     9.770     9.770 1405600     9.564     9.809 
2021-01-13     9.760     9.850     9.500     9.590     9.590 1703700     9.622     9.783 
2021-01-14     9.630     9.980     9.620     9.970     9.970 2222000     9.740     9.782 
2021-01-15     9.900     9.950     9.440     9.490     9.490 2012400     9.724     9.759 
2021-01-18     9.560     9.730     9.380     9.450     9.450 1431800     9.654     9.725 
2021-01-19     9.530     9.560     9.310     9.530     9.530 1445000     9.606     9.698 
2021-01-20     9.540     9.760     9.460     9.700     9.700 1859500     9.628     9.683 
2021-01-21     9.670     9.790     9.390     9.450     9.450 1491100     9.524     9.658 
2021-01-22     9.320     9.480     9.230     9.360     9.360 2392500     9.498     9.629 
2021-01-26     9.360     9.590     9.100     9.180     9.180 20776200     9.444     9.588 
2021-01-27     9.160     9.460     9.070     9.280     9.280 1553500     9.394     9.554 
2021-01-28     9.270     9.790     9.220     9.620     9.620 2118700     9.378     9.530 
2021-01-29     9.540     9.720     9.330     9.390     9.390 1052300     9.366     9.502 
2021-02-01     9.500    10.050     9.400     9.970     9.970 4218300     9.488     9.524 
2021-02-02    10.060    10.190     9.910    10.070    10.070 3112400     9.666     9.560 
2021-02-03    10.130    11.760    10.130    11.290    11.290 10309200    10.068     9.658 
2021-02-04    11.380    12.110    11.120    11.850    11.850 8836300    10.514     9.786 
2021-02-05    11.920    12.300    11.720    12.260    12.260 4777000    11.088     9.930 
2021-02-08    12.370    13.320    12.260    13.040    13.040 7743700    11.702    10.103 
2021-02-09    12.680    13.200    12.410    13.100    13.100 9103300    12.308    10.268 
2021-02-10    13.060    13.070    12.560    12.750    12.750 4595300    12.600    10.417 
2021-02-11    12.920    13.050    12.630    12.800    12.800 3253200    12.790    10.578 
2021-02-12    12.780    12.910    12.470    12.560    12.560 5090700    12.850    10.707 
2021-02-17    -1.000    -1.000    -1.000    -1.000    -1.000 0    10.042    10.183 
2021-02-18    12.690    13.660    12.610    12.960    12.960 6732600    10.014    10.358 
2021-02-19    13.100    13.520    12.770    13.450    13.450 2827000    10.154    10.554 
2021-02-22  1290.000  1293.000  1230.000  1252.000  1252.000 5058400   257.994    72.669 
2021-02-23  1267.000  1344.000  1234.000  1341.000  1341.000 8956200   523.682   139.247 
2021-02-24    13.790    14.690    13.790    14.210    14.210 8198700   526.724   139.489 
2021-02-25    14.150    14.390    13.530    14.010    14.010 5837800   526.934   139.731 
2021-02-26    13.950    14.870    13.460    13.890    13.890 7466300   527.022   139.961 
2021-03-01    14.490    15.150    14.050    14.550    14.550 8872600   279.532   140.208 
2021-03-02    14.440    14.900    13.860    14.530    14.530 5477700    14.238   140.465 
2021-03-03    14.530    14.730    13.330    13.870    13.870 5426800    14.170   140.660 
2021-03-04    13.870    14.240    13.210    13.510    13.510 6212000    14.070   140.832 
2021-03-05    13.490    13.550    12.900    13.050    13.050 5988400    13.902   140.920 
2021-03-08    12.720    13.100    11.710    11.840    11.840 9071000    13.360   140.919 
2021-03-09    11.770    12.010    11.160    11.210    11.210 8342000    12.696   140.867 
2021-03-10    11.260    11.640    10.900    11.280    11.280 7265500    12.178   140.779 
2021-03-11  1147.000  1185.000  1092.000  1138.000  1138.000 9900000   237.076   197.024 
2021-03-12    11.300    11.440    10.990    11.330    11.330 4685500   236.732   196.953 
2021-03-15    11.200    11.480    11.070    11.260    11.260 3036600   236.616   196.876 
2021-03-16    11.240    11.300    10.670    10.800    10.800 4553000   236.534   196.788 
2021-03-17  1082.000  1210.000  1081.000  1194.000  1194.000 10120400   473.078   256.538 
2021-03-18    12.080    12.100    11.150    11.370    11.370 6598500   247.752   256.458 
2021-03-19    11.440    11.500    11.080    11.400    11.400 4851000   247.766   256.356 
2021-03-22    11.390    11.460    10.910    11.080    11.080 4091800   247.730   194.310 
2021-03-23    10.970    11.470    10.840    11.150    11.150 4124000   247.800   127.817 
2021-03-24    11.170    11.230    10.550    10.580    10.580 3374100    11.116   127.636 
2021-03-25    10.580    10.830    10.420    10.760    10.760 2961300    10.994   127.473 
2021-03-26    10.850    10.910    10.330    10.780    10.780 2925700    10.870   127.318 
2021-03-29    10.690    10.950    10.520    10.630    10.630 2314600    10.780   127.122 
2021-03-30    10.620    10.940    10.550    10.840    10.840 2163300    10.718   126.937 
2021-03-31    10.860    11.130    10.740    10.990    10.990 5810700    10.800   126.793 
2021-04-01    10.980    11.430    10.610    10.800    10.800 7381200    10.808   126.658 
2021-04-05    10.920    11.240    10.710    11.240    11.240 4212100    10.900   126.567 
2021-04-06    13.000    13.300    12.130    12.870    12.870 18197400    11.348   126.619 
2021-04-07    12.920    13.540    12.650    13.160    13.160 9252400    11.812   126.716 
2021-04-08    13.270    13.450    12.810    13.040    13.040 5180800    12.222   126.804 
2021-04-09    12.960    13.620    12.880    13.130    13.130 4137200    12.688    70.561 
2021-04-12    13.170    13.970    13.060    13.970    13.970 4956100    13.234    70.693 
